      105	2023-11-01 07:43:57	1	0	1	0
      149	2023-11-01 07:48:01	1	0	1	0
      140	2023-11-01 07:49:47	1	0	1	0
      143	2023-11-01 07:52:45	1	0	1	0
      115	2023-11-01 07:56:18	1	0	1	0
      124	2023-11-01 07:59:02	1	0	1	0
      133	2023-11-01 07:59:07	1	0	1	0
      128	2023-11-01 07:59:12	1	0	1	0
      106	2023-11-01 07:59:21	1	0	1	0
      107	2023-11-01 07:59:25	1	0	1	0
      126	2023-11-01 07:59:34	1	0	1	0
      113	2023-11-01 07:59:46	1	0	1	0
      101	2023-11-01 07:59:52	1	0	1	0
      108	2023-11-01 08:00:01	1	0	1	0
      119	2023-11-01 08:02:34	1	0	1	0
      116	2023-11-01 08:02:37	1	0	1	0
      146	2023-11-01 08:02:49	1	0	1	0
      117	2023-11-01 08:02:53	1	0	1	0
      109	2023-11-01 08:05:22	1	0	1	0
      137	2023-11-01 08:05:33	1	0	1	0
      144	2023-11-01 08:08:15	1	0	1	0
      125	2023-11-01 08:12:32	1	0	1	0
      130	2023-11-01 08:12:39	1	0	1	0
      104	2023-11-01 08:13:25	1	0	1	0
      174	2023-11-01 08:28:12	1	3	1	0
      112	2023-11-01 08:28:16	1	3	1	0
      136	2023-11-01 08:29:16	1	3	1	0
      102	2023-11-01 08:30:03	1	3	1	0
      151	2023-11-01 08:31:01	1	3	1	0
      153	2023-11-01 08:35:29	1	3	1	0
      148	2023-11-01 08:35:41	1	3	1	0
      154	2023-11-01 08:35:49	1	3	1	0
      141	2023-11-01 08:36:50	1	3	1	0
      135	2023-11-01 08:40:03	1	3	1	0
      127	2023-11-01 08:43:22	1	3	1	0
      147	2023-11-01 08:43:26	1	3	1	0
      121	2023-11-01 08:54:00	1	3	1	0
      123	2023-11-01 08:55:04	1	3	1	0
      134	2023-11-01 08:55:27	1	3	1	0
      131	2023-11-01 08:55:56	1	3	1	0
      150	2023-11-01 09:00:46	1	3	1	0
      145	2023-11-01 09:00:51	1	3	1	0
      114	2023-11-01 09:09:22	1	3	1	0
      152	2023-11-01 09:30:13	1	3	1	0
      118	2023-11-01 10:27:10	1	3	1	0
      139	2023-11-01 11:00:44	1	3	1	0
      124	2023-11-01 12:59:32	1	3	1	0
      137	2023-11-01 13:23:30	1	3	1	0
      134	2023-11-01 13:23:36	1	3	1	0
      152	2023-11-01 13:55:42	1	3	1	0
      135	2023-11-01 14:14:28	1	3	1	0
      154	2023-11-01 14:14:54	1	3	1	0
      150	2023-11-01 14:20:16	1	3	1	0
      151	2023-11-01 14:20:31	1	3	1	0
      150	2023-11-01 14:35:40	1	3	1	0
      151	2023-11-01 14:41:14	1	3	1	0
      145	2023-11-01 15:23:56	1	3	1	0
      148	2023-11-01 15:42:56	1	3	1	0
      153	2023-11-01 15:43:15	1	3	1	0
      108	2023-11-01 15:51:42	1	3	1	0
      118	2023-11-01 15:52:38	1	3	1	0
      102	2023-11-01 15:52:44	1	3	1	0
      101	2023-11-01 15:52:52	1	3	1	0
      143	2023-11-01 15:53:51	1	3	1	0
      144	2023-11-01 15:53:59	1	3	1	0
      128	2023-11-01 15:56:33	1	3	1	0
      113	2023-11-01 15:56:45	1	3	1	0
      133	2023-11-01 15:57:01	1	3	1	0
      126	2023-11-01 15:57:11	1	3	1	0
      125	2023-11-01 15:58:04	1	3	1	0
      131	2023-11-01 15:59:29	1	3	1	0
      106	2023-11-01 15:59:35	1	3	1	0
      114	2023-11-01 16:00:02	1	3	1	0
      104	2023-11-01 16:00:14	1	3	1	0
      107	2023-11-01 16:00:22	1	3	1	0
      116	2023-11-01 16:00:34	1	3	1	0
      105	2023-11-01 16:00:41	1	3	1	0
      123	2023-11-01 16:00:45	1	3	1	0
      123	2023-11-01 16:00:48	1	3	1	0
      130	2023-11-01 16:00:56	1	3	1	0
      174	2023-11-01 16:02:02	1	1	1	0
      112	2023-11-01 16:02:05	1	1	1	0
      115	2023-11-01 16:02:08	1	1	1	0
      136	2023-11-01 16:02:12	1	1	1	0
      121	2023-11-01 16:03:25	1	1	1	0
      139	2023-11-01 16:24:03	1	1	1	0
      149	2023-11-01 16:36:53	1	1	1	0
      127	2023-11-01 16:42:23	1	1	1	0
      147	2023-11-01 16:42:28	1	1	1	0
      117	2023-11-01 16:49:43	1	1	1	0
      119	2023-11-01 16:50:01	1	1	1	0
      146	2023-11-01 16:51:02	1	1	1	0
      140	2023-11-01 17:19:38	1	1	1	0
      140	2023-11-02 07:38:08	1	0	1	0
      105	2023-11-02 07:38:53	1	0	1	0
      143	2023-11-02 07:50:38	1	0	1	0
      149	2023-11-02 07:52:31	1	0	1	0
      115	2023-11-02 07:55:12	1	0	1	0
      114	2023-11-02 07:58:59	1	0	1	0
      107	2023-11-02 07:59:04	1	0	1	0
      126	2023-11-02 07:59:11	1	0	1	0
      133	2023-11-02 07:59:20	1	0	1	0
      128	2023-11-02 07:59:30	1	0	1	0
      109	2023-11-02 07:59:46	1	0	1	0
      113	2023-11-02 07:59:54	1	0	1	0
      106	2023-11-02 08:00:00	1	0	1	0
      137	2023-11-02 08:00:07	1	0	1	0
      119	2023-11-02 08:01:04	1	0	1	0
      117	2023-11-02 08:01:09	1	0	1	0
      146	2023-11-02 08:02:06	1	0	1	0
      116	2023-11-02 08:03:27	1	0	1	0
      110	2023-11-02 08:08:11	1	0	15	0
      110	2023-11-02 08:08:13	1	0	15	0
      108	2023-11-02 08:09:40	1	0	1	0
      101	2023-11-02 08:09:45	1	0	1	0
      131	2023-11-02 08:11:11	1	0	1	0
      104	2023-11-02 08:12:13	1	0	1	0
      121	2023-11-02 08:12:22	1	0	1	0
      130	2023-11-02 08:16:01	1	0	1	0
      144	2023-11-02 08:17:19	1	0	1	0
      125	2023-11-02 08:22:49	1	0	1	0
      132	2023-11-02 08:23:12	1	0	1	0
      151	2023-11-02 08:30:59	1	0	1	0
      174	2023-11-02 08:34:00	1	0	1	0
      112	2023-11-02 08:34:07	1	0	1	0
      122	2023-11-02 08:34:10	1	0	1	0
      153	2023-11-02 08:34:19	1	0	1	0
      148	2023-11-02 08:34:25	1	0	1	0
      154	2023-11-02 08:35:10	1	0	1	0
      136	2023-11-02 08:36:15	1	0	1	0
      141	2023-11-02 08:39:18	1	0	15	0
      141	2023-11-02 08:39:20	1	0	15	0
      134	2023-11-02 08:49:24	1	0	1	0
      135	2023-11-02 08:49:35	1	0	1	0
      123	2023-11-02 08:52:42	1	0	1	0
      127	2023-11-02 08:53:56	1	0	1	0
      147	2023-11-02 08:54:31	1	0	1	0
      118	2023-11-02 08:55:48	1	0	1	0
      102	2023-11-02 08:56:03	1	0	1	0
      142	2023-11-02 09:06:35	1	0	1	0
      150	2023-11-02 09:06:51	1	0	1	0
      152	2023-11-02 09:06:57	1	0	1	0
      145	2023-11-02 09:18:00	1	0	1	0
      145	2023-11-02 09:18:02	1	0	1	0
      115	2023-11-02 11:18:47	1	0	1	0
      150	2023-11-02 12:46:52	1	0	1	0
      137	2023-11-02 13:29:16	1	0	1	0
      134	2023-11-02 13:29:20	1	0	1	0
      154	2023-11-02 13:59:58	1	0	1	0
      125	2023-11-02 14:03:14	1	0	1	0
      141	2023-11-02 14:18:15	1	0	15	0
      151	2023-11-02 14:18:24	1	0	1	0
      130	2023-11-02 14:54:38	1	0	1	0
      123	2023-11-02 14:58:44	1	0	1	0
      112	2023-11-02 14:58:46	1	0	1	0
      142	2023-11-02 14:59:56	1	0	1	0
      144	2023-11-02 14:59:59	1	0	1	0
      152	2023-11-02 15:00:01	1	0	1	0
      135	2023-11-02 15:02:11	1	0	1	0
      121	2023-11-02 15:02:37	1	0	1	0
      101	2023-11-02 15:31:40	1	0	1	0
      108	2023-11-02 15:36:03	1	0	1	0
      143	2023-11-02 15:44:48	1	0	1	0
      145	2023-11-02 15:47:01	1	0	1	0
      148	2023-11-02 15:54:06	1	0	1	0
      132	2023-11-02 15:54:36	1	0	1	0
      114	2023-11-02 15:55:15	1	0	1	0
      102	2023-11-02 15:55:20	1	0	1	0
      118	2023-11-02 15:55:26	1	0	1	0
      113	2023-11-02 15:55:31	1	0	1	0
      133	2023-11-02 15:55:35	1	0	1	0
      128	2023-11-02 15:55:41	1	0	1	0
      126	2023-11-02 15:55:45	1	0	1	0
      153	2023-11-02 15:55:49	1	0	1	0
      106	2023-11-02 15:55:58	1	0	1	0
      104	2023-11-02 15:56:34	1	0	1	0
      174	2023-11-02 15:56:44	1	0	1	0
      136	2023-11-02 15:56:48	1	0	1	0
      107	2023-11-02 15:56:56	1	0	1	0
      131	2023-11-02 15:57:54	1	0	1	0
      116	2023-11-02 15:59:00	1	0	1	0
      122	2023-11-02 15:59:25	1	0	1	0
      110	2023-11-02 15:59:33	1	0	15	0
      110	2023-11-02 15:59:35	1	0	15	0
      127	2023-11-02 16:10:06	1	0	1	0
      147	2023-11-02 16:10:10	1	0	1	0
      117	2023-11-02 16:27:27	1	0	1	0
      149	2023-11-02 16:27:51	1	0	1	0
      146	2023-11-02 16:27:56	1	0	1	0
      140	2023-11-02 18:15:40	1	0	1	0
      140	2023-11-03 07:36:22	1	0	1	0
      105	2023-11-03 07:44:03	1	0	1	0
      149	2023-11-03 07:44:36	1	0	1	0
      143	2023-11-03 07:52:23	1	0	1	0
      116	2023-11-03 07:52:57	1	0	1	0
      110	2023-11-03 07:53:20	1	0	15	0
      109	2023-11-03 07:56:24	1	0	1	0
      146	2023-11-03 07:56:48	1	0	1	0
      117	2023-11-03 07:56:57	1	0	1	0
      137	2023-11-03 07:57:03	1	0	1	0
      128	2023-11-03 08:02:04	1	0	1	0
      106	2023-11-03 08:02:47	1	0	1	0
      113	2023-11-03 08:02:54	1	0	1	0
      114	2023-11-03 08:03:05	1	0	1	0
      133	2023-11-03 08:03:42	1	0	1	0
      107	2023-11-03 08:03:46	1	0	1	0
      126	2023-11-03 08:03:50	1	0	1	0
      101	2023-11-03 08:05:56	1	0	1	0
      108	2023-11-03 08:06:02	1	0	1	0
      102	2023-11-03 08:10:17	1	0	1	0
      118	2023-11-03 08:10:33	1	0	1	0
      144	2023-11-03 08:16:41	1	0	1	0
      125	2023-11-03 08:22:31	1	0	1	0
      174	2023-11-03 08:30:46	1	0	1	0
      112	2023-11-03 08:30:49	1	0	1	0
      122	2023-11-03 08:31:18	1	0	1	0
      130	2023-11-03 08:31:23	1	0	1	0
      104	2023-11-03 08:31:30	1	0	1	0
      136	2023-11-03 08:31:36	1	0	1	0
      141	2023-11-03 08:33:36	1	0	15	0
      141	2023-11-03 08:33:38	1	0	15	0
      148	2023-11-03 08:37:20	1	0	1	0
      153	2023-11-03 08:37:50	1	0	1	0
      154	2023-11-03 08:38:02	1	0	1	0
      131	2023-11-03 08:39:22	1	0	1	0
      121	2023-11-03 08:39:34	1	0	1	0
      127	2023-11-03 08:46:21	1	0	1	0
      147	2023-11-03 08:46:26	1	0	1	0
      151	2023-11-03 08:58:09	1	0	1	0
      135	2023-11-03 09:00:17	1	0	1	0
      150	2023-11-03 09:06:12	1	0	1	0
      123	2023-11-03 09:09:30	1	0	1	0
      145	2023-11-03 09:09:36	1	0	1	0
      154	2023-11-03 09:31:44	1	0	1	0
      142	2023-11-03 09:32:07	1	0	1	0
      114	2023-11-03 10:45:28	1	0	1	0
      132	2023-11-03 11:06:55	1	0	1	0
      150	2023-11-03 11:19:24	1	0	1	0
      151	2023-11-03 11:19:30	1	0	1	0
      146	2023-11-03 12:09:41	1	0	1	0
      135	2023-11-03 12:43:23	1	0	1	0
      137	2023-11-03 13:11:52	1	0	1	0
      153	2023-11-03 13:13:44	1	0	1	0
      145	2023-11-03 13:35:02	1	0	1	0
      121	2023-11-03 13:44:21	1	0	1	0
      141	2023-11-03 14:09:42	1	0	15	0
      144	2023-11-03 14:40:18	1	0	1	0
      142	2023-11-03 14:40:30	1	0	1	0
      136	2023-11-03 15:10:54	1	0	1	0
      112	2023-11-03 15:11:00	1	0	1	0
      130	2023-11-03 15:11:06	1	0	1	0
      122	2023-11-03 15:12:38	1	0	1	0
      107	2023-11-03 15:40:41	1	0	1	0
      143	2023-11-03 15:43:16	1	0	1	0
      101	2023-11-03 15:44:46	1	0	1	0
      108	2023-11-03 15:44:57	1	0	1	0
      133	2023-11-03 15:53:40	1	0	1	0
      126	2023-11-03 15:53:55	1	0	1	0
      128	2023-11-03 15:54:02	1	0	1	0
      131	2023-11-03 15:54:20	1	0	1	0
      113	2023-11-03 15:54:25	1	0	1	0
      106	2023-11-03 15:54:28	1	0	1	0
      107	2023-11-03 15:56:14	1	0	1	0
      123	2023-11-03 16:01:36	1	0	1	0
      125	2023-11-03 16:03:19	1	0	1	0
      127	2023-11-03 16:15:01	1	0	1	0
      147	2023-11-03 16:16:56	1	0	1	0
      149	2023-11-03 16:17:01	1	0	1	0
      132	2023-11-03 17:20:50	1	0	15	0
      105	2023-11-06 07:53:08	1	0	1	0
      148	2023-11-06 07:57:18	1	0	1	0
      134	2023-11-06 07:58:19	1	0	1	0
      137	2023-11-06 07:58:31	1	0	1	0
      109	2023-11-06 07:58:36	1	0	1	0
      117	2023-11-06 07:58:43	1	0	1	0
      119	2023-11-06 07:59:09	1	0	1	0
      154	2023-11-06 07:59:27	1	0	1	0
      149	2023-11-06 07:59:52	1	0	1	0
      153	2023-11-06 07:59:59	1	0	1	0
      116	2023-11-06 08:00:27	1	0	1	0
      110	2023-11-06 08:00:39	1	0	15	0
      110	2023-11-06 08:00:41	1	0	15	0
      101	2023-11-06 08:01:41	1	0	1	0
      108	2023-11-06 08:01:45	1	0	1	0
      128	2023-11-06 08:03:06	1	0	1	0
      124	2023-11-06 08:03:14	1	0	1	0
      106	2023-11-06 08:03:24	1	0	1	0
      126	2023-11-06 08:03:31	1	0	1	0
      107	2023-11-06 08:03:56	1	0	1	0
      133	2023-11-06 08:03:59	1	0	1	0
      113	2023-11-06 08:04:05	1	0	1	0
      102	2023-11-06 08:07:43	1	0	1	0
      130	2023-11-06 08:08:15	1	0	1	0
      125	2023-11-06 08:11:39	1	0	1	0
      115	2023-11-06 08:18:19	1	0	1	0
      144	2023-11-06 08:24:35	1	0	1	0
      174	2023-11-06 08:29:35	1	0	1	0
      122	2023-11-06 08:29:40	1	0	1	0
      136	2023-11-06 08:30:23	1	0	1	0
      151	2023-11-06 08:35:23	1	0	1	0
      121	2023-11-06 08:40:49	1	0	1	0
      141	2023-11-06 08:42:54	1	0	15	0
      104	2023-11-06 08:44:41	1	0	1	0
      147	2023-11-06 08:45:03	1	0	1	0
      127	2023-11-06 08:45:09	1	0	1	0
      127	2023-11-06 08:45:11	1	0	1	0
      135	2023-11-06 08:46:29	1	0	1	0
      145	2023-11-06 08:54:40	1	0	1	0
      123	2023-11-06 08:58:56	1	0	1	0
      142	2023-11-06 09:25:49	1	0	1	0
      152	2023-11-06 09:25:53	1	0	1	0
      150	2023-11-06 09:34:26	1	0	1	0
      118	2023-11-06 09:44:11	1	0	1	0
      139	2023-11-06 11:06:01	1	0	1	0
      146	2023-11-06 11:57:26	1	0	1	0
      137	2023-11-06 13:29:22	1	0	1	0
      134	2023-11-06 13:29:26	1	0	1	0
      154	2023-11-06 13:56:18	1	0	1	0
      142	2023-11-06 14:06:30	1	0	1	0
      154	2023-11-06 14:06:44	1	0	1	0
      152	2023-11-06 14:09:37	1	0	1	0
      150	2023-11-06 14:25:48	1	0	1	0
      132	2023-11-06 14:53:54	1	0	1	0
      135	2023-11-06 15:00:31	1	0	1	0
      121	2023-11-06 15:14:07	1	0	1	0
      145	2023-11-06 15:20:10	1	0	1	0
      141	2023-11-06 15:27:09	1	0	15	0
      141	2023-11-06 15:27:11	1	0	15	0
      151	2023-11-06 15:27:22	1	0	1	0
      153	2023-11-06 15:30:49	1	0	1	0
      148	2023-11-06 15:30:57	1	0	1	0
      105	2023-11-06 15:38:05	1	0	1	0
      144	2023-11-06 15:45:05	1	0	1	0
      139	2023-11-06 15:49:16	1	0	1	0
      101	2023-11-06 15:50:40	1	0	1	0
      108	2023-11-06 15:50:50	1	0	1	0
      133	2023-11-06 15:52:23	1	0	1	0
      125	2023-11-06 15:52:39	1	0	1	0
      126	2023-11-06 15:52:47	1	0	1	0
      128	2023-11-06 15:53:04	1	0	1	0
      124	2023-11-06 15:53:08	1	0	1	0
      113	2023-11-06 15:53:12	1	0	1	0
      113	2023-11-06 15:53:17	1	0	1	0
      106	2023-11-06 15:53:24	1	0	1	0
      107	2023-11-06 15:53:30	1	0	1	0
      104	2023-11-06 15:54:40	1	0	1	0
      174	2023-11-06 15:58:32	1	0	1	0
      136	2023-11-06 15:58:38	1	0	1	0
      122	2023-11-06 15:59:46	1	0	1	0
      130	2023-11-06 16:02:10	1	0	1	0
      123	2023-11-06 16:08:22	1	0	1	0
      116	2023-11-06 16:08:29	1	0	1	0
      110	2023-11-06 16:08:35	1	0	15	0
      110	2023-11-06 16:08:37	1	0	15	0
      140	2023-11-06 16:12:00	1	0	1	0
      102	2023-11-06 16:23:45	1	0	1	0
      118	2023-11-06 16:24:14	1	0	1	0
      127	2023-11-06 16:29:59	1	0	1	0
      147	2023-11-06 16:30:02	1	0	1	0
      117	2023-11-06 17:10:45	1	0	1	0
      146	2023-11-06 17:10:55	1	0	1	0
      119	2023-11-06 17:11:00	1	0	1	0
      149	2023-11-06 17:18:12	1	0	1	0
      132	2023-11-06 17:34:00	1	0	1	0
      140	2023-11-07 07:45:39	1	0	1	0
      105	2023-11-07 07:48:56	1	0	1	0
      114	2023-11-07 07:57:44	1	0	1	0
      113	2023-11-07 07:58:06	1	0	1	0
      124	2023-11-07 07:58:11	1	0	1	0
      107	2023-11-07 07:58:15	1	0	1	0
      126	2023-11-07 07:58:19	1	0	1	0
      106	2023-11-07 07:58:24	1	0	1	0
      128	2023-11-07 07:58:29	1	0	1	0
      133	2023-11-07 07:58:39	1	0	1	0
      110	2023-11-07 07:59:53	1	0	15	0
      116	2023-11-07 07:59:58	1	0	1	0
      149	2023-11-07 08:00:02	1	0	1	0
      119	2023-11-07 08:00:30	1	0	1	0
      117	2023-11-07 08:00:37	1	0	1	0
      146	2023-11-07 08:00:42	1	0	1	0
      109	2023-11-07 08:00:57	1	0	1	0
      137	2023-11-07 08:01:32	1	0	1	0
      134	2023-11-07 08:01:45	1	0	1	0
      101	2023-11-07 08:04:45	1	0	1	0
      108	2023-11-07 08:07:53	1	0	1	0
      115	2023-11-07 08:10:15	1	0	1	0
      144	2023-11-07 08:12:55	1	0	1	0
      130	2023-11-07 08:17:43	1	0	1	0
      125	2023-11-07 08:23:55	1	0	1	0
      174	2023-11-07 08:32:12	1	0	1	0
      122	2023-11-07 08:32:17	1	0	1	0
      104	2023-11-07 08:32:42	1	0	1	0
      136	2023-11-07 08:33:09	1	0	1	0
      148	2023-11-07 08:35:00	1	0	1	0
      153	2023-11-07 08:35:09	1	0	1	0
      154	2023-11-07 08:35:21	1	0	1	0
      151	2023-11-07 08:37:56	1	0	1	0
      141	2023-11-07 08:39:22	1	0	15	0
      141	2023-11-07 08:39:24	1	0	15	0
      123	2023-11-07 08:42:03	1	0	1	0
      118	2023-11-07 08:43:23	1	0	1	0
      102	2023-11-07 08:44:37	1	0	1	0
      127	2023-11-07 08:47:18	1	0	1	0
      147	2023-11-07 08:47:28	1	0	1	0
      121	2023-11-07 08:48:13	1	0	1	0
      135	2023-11-07 08:57:30	1	0	1	0
      145	2023-11-07 09:12:34	1	0	1	0
      152	2023-11-07 09:23:16	1	0	1	0
      150	2023-11-07 09:35:48	1	0	1	0
      145	2023-11-07 12:28:43	1	0	1	0
      154	2023-11-07 13:02:57	1	0	1	0
      148	2023-11-07 13:03:21	1	0	1	0
      153	2023-11-07 13:03:28	1	0	1	0
      152	2023-11-07 13:23:01	1	0	1	0
      137	2023-11-07 13:26:19	1	0	1	0
      134	2023-11-07 13:26:26	1	0	1	0
      141	2023-11-07 14:16:45	1	0	15	0
      141	2023-11-07 14:16:47	1	0	15	0
      150	2023-11-07 14:18:20	1	0	1	0
      151	2023-11-07 14:19:02	1	0	1	0
      144	2023-11-07 14:47:42	1	0	1	0
      144	2023-11-07 14:47:44	1	0	1	0
      135	2023-11-07 15:17:04	1	0	1	0
      105	2023-11-07 15:34:48	1	0	1	0
      101	2023-11-07 15:44:54	1	0	1	0
      108	2023-11-07 15:45:04	1	0	1	0
      126	2023-11-07 15:51:49	1	0	1	0
      128	2023-11-07 15:52:03	1	0	1	0
      133	2023-11-07 15:52:14	1	0	1	0
      114	2023-11-07 15:52:21	1	0	1	0
      124	2023-11-07 15:52:27	1	0	1	0
      113	2023-11-07 15:52:37	1	0	1	0
      107	2023-11-07 15:52:41	1	0	1	0
      104	2023-11-07 15:53:19	1	0	1	0
      121	2023-11-07 15:59:13	1	0	1	0
      115	2023-11-07 15:59:22	1	0	1	0
      174	2023-11-07 15:59:53	1	0	1	0
      125	2023-11-07 16:00:07	1	0	1	0
      136	2023-11-07 16:01:19	1	0	1	0
      110	2023-11-07 16:01:29	1	0	15	0
      110	2023-11-07 16:01:31	1	0	15	0
      122	2023-11-07 16:01:38	1	0	1	0
      116	2023-11-07 16:01:45	1	0	1	0
      130	2023-11-07 16:01:50	1	0	1	0
      102	2023-11-07 16:10:16	1	0	1	0
      118	2023-11-07 16:10:53	1	0	1	0
      149	2023-11-07 16:19:49	1	0	1	0
      117	2023-11-07 16:27:15	1	0	1	0
      140	2023-11-07 16:39:22	1	0	1	0
      147	2023-11-07 16:39:55	1	0	1	0
      127	2023-11-07 16:40:05	1	0	1	0
      119	2023-11-07 16:40:09	1	0	1	0
      146	2023-11-07 16:40:29	1	0	1	0
      132	2023-11-07 18:25:29	1	0	1	0
      144	2023-11-08 07:45:46	1	0	1	0
      105	2023-11-08 07:46:39	1	0	1	0
      149	2023-11-08 07:47:52	1	0	1	0
      140	2023-11-08 07:49:54	1	0	1	0
      115	2023-11-08 07:56:41	1	0	1	0
      128	2023-11-08 07:58:15	1	0	1	0
      114	2023-11-08 07:58:20	1	0	1	0
      107	2023-11-08 07:58:24	1	0	1	0
      113	2023-11-08 07:58:41	1	0	1	0
      126	2023-11-08 07:59:18	1	0	1	0
      133	2023-11-08 07:59:29	1	0	1	0
      124	2023-11-08 07:59:33	1	0	1	0
      108	2023-11-08 08:03:08	1	0	1	0
      101	2023-11-08 08:03:41	1	0	1	0
      119	2023-11-08 08:03:53	1	0	1	0
      117	2023-11-08 08:03:56	1	0	1	0
      146	2023-11-08 08:04:26	1	0	1	0
      137	2023-11-08 08:05:08	1	0	1	0
      134	2023-11-08 08:05:20	1	0	1	0
      132	2023-11-08 08:06:10	1	0	1	0
      116	2023-11-08 08:07:18	1	0	1	0
      110	2023-11-08 08:08:25	1	0	15	0
      109	2023-11-08 08:09:55	1	0	1	0
      104	2023-11-08 08:17:03	1	0	1	0
      106	2023-11-08 08:17:09	1	0	1	0
      123	2023-11-08 08:19:38	1	0	1	0
      118	2023-11-08 08:25:06	1	0	1	0
      102	2023-11-08 08:25:18	1	0	1	0
      125	2023-11-08 08:26:28	1	0	1	0
      174	2023-11-08 08:30:30	1	0	1	0
      122	2023-11-08 08:30:35	1	0	1	0
      130	2023-11-08 08:31:17	1	0	1	0
      136	2023-11-08 08:31:58	1	0	1	0
      151	2023-11-08 08:35:51	1	0	1	0
      148	2023-11-08 08:39:42	1	0	1	0
      153	2023-11-08 08:40:00	1	0	1	0
      154	2023-11-08 08:40:14	1	0	1	0
      121	2023-11-08 08:48:36	1	0	1	0
      147	2023-11-08 08:52:43	1	0	1	0
      127	2023-11-08 08:52:47	1	0	1	0
      141	2023-11-08 08:52:59	1	0	1	0
      135	2023-11-08 08:54:48	1	0	1	0
      145	2023-11-08 08:58:21	1	0	1	0
      150	2023-11-08 09:10:53	1	0	1	0
      113	2023-11-08 09:31:21	1	0	1	0
      152	2023-11-08 09:42:59	1	0	1	0
      144	2023-11-08 09:58:07	1	0	1	0
      139	2023-11-08 10:03:51	1	0	1	0
      128	2023-11-08 10:32:57	1	0	1	0
      148	2023-11-08 12:02:16	1	0	1	0
      154	2023-11-08 12:02:31	1	0	1	0
      154	2023-11-08 12:02:33	1	0	1	0
      118	2023-11-08 12:41:20	1	0	1	0
      146	2023-11-08 13:13:18	1	0	1	0
      137	2023-11-08 13:29:03	1	0	1	0
      151	2023-11-08 14:01:11	1	0	1	0
      150	2023-11-08 14:01:18	1	0	1	0
      152	2023-11-08 14:01:25	1	0	1	0
      135	2023-11-08 14:19:04	1	0	1	0
      145	2023-11-08 15:28:37	1	0	1	0
      145	2023-11-08 15:28:39	1	0	1	0
      124	2023-11-08 15:39:56	1	0	1	0
      126	2023-11-08 15:40:02	1	0	1	0
      114	2023-11-08 15:40:15	1	0	1	0
      115	2023-11-08 15:42:10	1	0	1	0
      121	2023-11-08 15:42:15	1	0	1	0
      125	2023-11-08 15:42:55	1	0	1	0
      108	2023-11-08 15:45:39	1	0	1	0
      105	2023-11-08 15:45:55	1	0	1	0
      141	2023-11-08 15:46:41	1	0	15	0
      141	2023-11-08 15:46:43	1	0	15	0
      123	2023-11-08 15:55:48	1	0	1	0
      136	2023-11-08 15:59:06	1	0	1	0
      122	2023-11-08 15:59:12	1	0	1	0
      149	2023-11-08 16:11:32	1	0	1	0
      132	2023-11-08 16:31:40	1	0	1	0
      127	2023-11-08 17:12:43	1	0	1	0
      147	2023-11-08 17:13:02	1	0	1	0
      143	2023-11-10 07:46:45	1	0	1	0
      109	2023-11-10 07:57:42	1	0	1	0
      114	2023-11-10 07:57:49	1	0	1	0
      137	2023-11-10 07:58:10	1	0	1	0
      124	2023-11-10 07:59:01	1	0	1	0
      126	2023-11-10 07:59:20	1	0	1	0
      115	2023-11-10 08:02:46	1	0	1	0
      149	2023-11-10 08:11:06	1	0	1	0
      125	2023-11-10 08:25:59	1	0	1	0
      147	2023-11-10 08:26:39	1	0	1	0
      122	2023-11-10 08:28:36	1	0	1	0
      123	2023-11-10 08:29:08	1	0	1	0
      123	2023-11-10 08:29:15	1	0	1	0
      135	2023-11-10 08:57:17	1	0	1	0
      145	2023-11-10 09:29:51	1	0	1	0
      141	2023-11-10 09:30:30	1	0	1	0
      142	2023-11-10 09:36:01	1	0	1	0
      150	2023-11-10 09:59:58	1	0	1	0
      132	2023-11-10 12:07:22	1	0	1	0
      114	2023-11-10 12:53:59	1	0	1	0
      124	2023-11-10 12:54:21	1	0	1	0
      142	2023-11-10 12:54:48	1	0	1	0
      150	2023-11-10 12:59:50	1	0	1	0
      135	2023-11-10 13:00:03	1	0	1	0
      143	2023-11-10 13:02:57	1	0	1	0
      147	2023-11-10 15:03:30	1	0	1	0
      115	2023-11-10 15:07:15	1	0	1	0
      145	2023-11-10 15:13:36	1	0	1	0
      125	2023-11-10 15:35:14	1	0	1	0
      126	2023-11-10 15:35:22	1	0	1	0
      123	2023-11-10 15:43:32	1	0	1	0
      141	2023-11-10 15:52:26	1	0	15	0
      141	2023-11-10 15:52:28	1	0	15	0
      149	2023-11-10 16:15:58	1	0	1	0
      132	2023-11-10 16:18:05	1	0	1	0
      118	2023-11-13 07:37:55	1	0	1	0
      105	2023-11-13 07:52:38	1	0	1	0
      149	2023-11-13 07:55:26	1	0	1	0
      149	2023-11-13 07:55:28	1	0	1	0
      143	2023-11-13 07:56:14	1	0	1	0
      117	2023-11-13 07:58:17	1	0	1	0
      119	2023-11-13 07:58:24	1	0	1	0
      115	2023-11-13 08:00:00	1	0	1	0
      124	2023-11-13 08:02:08	1	0	1	0
      128	2023-11-13 08:02:12	1	0	1	0
      114	2023-11-13 08:02:32	1	0	1	0
      109	2023-11-13 08:02:37	1	0	1	0
      126	2023-11-13 08:02:47	1	0	1	0
      137	2023-11-13 08:02:54	1	0	1	0
      101	2023-11-13 08:09:11	1	0	1	0
      108	2023-11-13 08:09:28	1	0	1	0
      116	2023-11-13 08:12:03	1	0	1	0
      110	2023-11-13 08:12:13	1	0	15	0
      110	2023-11-13 08:12:16	1	0	15	0
      102	2023-11-13 08:21:38	1	0	1	0
      130	2023-11-13 08:22:59	1	0	1	0
      125	2023-11-13 08:24:23	1	0	1	0
      121	2023-11-13 08:25:47	1	0	1	0
      148	2023-11-13 08:30:55	1	0	1	0
      154	2023-11-13 08:31:35	1	0	1	0
      153	2023-11-13 08:31:48	1	0	1	0
      131	2023-11-13 08:35:58	1	0	1	0
      122	2023-11-13 08:44:33	1	0	1	0
      136	2023-11-13 08:44:39	1	0	1	0
      147	2023-11-13 08:48:37	1	0	1	0
      135	2023-11-13 08:48:44	1	0	1	0
      151	2023-11-13 08:50:01	1	0	1	0
      134	2023-11-13 08:50:42	1	0	1	0
      141	2023-11-13 08:55:01	1	0	1	0
      145	2023-11-13 08:56:54	1	0	1	0
      104	2023-11-13 08:57:57	1	0	1	0
      127	2023-11-13 09:14:48	1	0	1	0
      152	2023-11-13 09:16:37	1	0	1	0
      139	2023-11-13 09:27:27	1	0	1	0
      150	2023-11-13 09:31:34	1	0	1	0
      132	2023-11-13 09:42:58	1	0	1	0
      123	2023-11-13 11:16:22	1	0	1	0
      146	2023-11-13 11:57:59	1	0	1	0
      153	2023-11-13 13:56:42	1	0	1	0
      148	2023-11-13 13:56:55	1	0	1	0
      152	2023-11-13 14:26:44	1	0	1	0
      150	2023-11-13 14:27:14	1	0	1	0
      151	2023-11-13 14:27:36	1	0	1	0
      135	2023-11-13 15:08:35	1	0	1	0
      137	2023-11-13 15:22:10	1	0	1	0
      109	2023-11-13 15:24:07	1	0	1	0
      121	2023-11-13 15:24:18	1	0	1	0
      105	2023-11-13 15:29:55	1	0	1	0
      141	2023-11-13 15:35:26	1	0	1	0
      101	2023-11-13 15:45:54	1	0	1	0
      108	2023-11-13 15:46:19	1	0	1	0
      143	2023-11-13 15:46:33	1	0	1	0
      145	2023-11-13 15:47:22	1	0	1	0
      136	2023-11-13 15:47:43	1	0	1	0
      126	2023-11-13 15:47:51	1	0	1	0
      128	2023-11-13 15:48:20	1	0	1	0
      124	2023-11-13 15:48:49	1	0	1	0
      122	2023-11-13 15:50:21	1	0	1	0
      118	2023-11-13 15:53:53	1	0	1	0
      115	2023-11-13 15:55:53	1	0	1	0
      104	2023-11-13 15:59:39	1	0	1	0
      130	2023-11-13 15:59:49	1	0	1	0
      132	2023-11-13 16:01:31	1	0	1	0
      125	2023-11-13 16:02:18	1	0	1	0
      127	2023-11-13 16:03:53	1	0	1	0
      140	2023-11-13 16:04:13	1	0	1	0
      116	2023-11-13 16:05:06	1	0	1	0
      123	2023-11-13 16:05:23	1	0	1	0
      110	2023-11-13 16:05:34	1	0	15	0
      110	2023-11-13 16:05:36	1	0	15	0
      110	2023-11-13 16:06:21	1	0	1	0
      123	2023-11-13 16:06:52	1	0	1	0
      131	2023-11-13 16:09:30	1	0	1	0
      149	2023-11-13 16:18:02	1	0	1	0
      147	2023-11-13 16:43:05	1	0	1	0
      146	2023-11-13 17:09:02	1	0	1	0
      117	2023-11-13 17:09:06	1	0	1	0
      119	2023-11-13 17:09:12	1	0	1	0
      105	2023-11-14 07:48:28	1	0	1	0
      115	2023-11-14 07:49:44	1	0	1	0
      128	2023-11-14 07:53:20	1	0	1	0
      124	2023-11-14 07:53:24	1	0	1	0
      106	2023-11-14 07:53:38	1	0	1	0
      107	2023-11-14 07:53:47	1	0	1	0
      126	2023-11-14 07:53:57	1	0	1	0
      113	2023-11-14 07:54:03	1	0	1	0
      137	2023-11-14 07:54:15	1	0	1	0
      109	2023-11-14 07:54:19	1	0	1	0
      149	2023-11-14 07:54:27	1	0	1	0
      140	2023-11-14 07:59:40	1	0	1	0
      101	2023-11-14 08:06:56	1	0	1	0
      108	2023-11-14 08:07:05	1	0	1	0
      117	2023-11-14 08:10:30	1	0	1	0
      119	2023-11-14 08:10:35	1	0	1	0
      146	2023-11-14 08:10:42	1	0	1	0
      116	2023-11-14 08:14:01	1	0	1	0
      144	2023-11-14 08:15:23	1	0	1	0
      143	2023-11-14 08:16:10	1	0	1	0
      110	2023-11-14 08:17:04	1	0	15	0
      110	2023-11-14 08:17:06	1	0	15	0
      174	2023-11-14 08:20:39	1	0	1	0
      130	2023-11-14 08:21:44	1	0	1	0
      104	2023-11-14 08:23:27	1	0	1	0
      151	2023-11-14 08:31:23	1	0	1	0
      131	2023-11-14 08:35:00	1	0	1	0
      118	2023-11-14 08:35:21	1	0	1	0
      102	2023-11-14 08:35:29	1	0	1	0
      153	2023-11-14 08:36:29	1	0	1	0
      148	2023-11-14 08:36:59	1	0	1	0
      154	2023-11-14 08:37:07	1	0	1	0
      121	2023-11-14 08:40:08	1	0	1	0
      147	2023-11-14 08:42:47	1	0	1	0
      145	2023-11-14 08:46:30	1	0	1	0
      134	2023-11-14 08:52:29	1	0	1	0
      123	2023-11-14 08:54:08	1	0	1	0
      127	2023-11-14 09:02:24	1	0	1	0
      150	2023-11-14 09:12:41	1	0	1	0
      141	2023-11-14 09:14:13	1	0	1	0
      133	2023-11-14 09:17:19	1	0	1	0
      152	2023-11-14 09:27:32	1	0	1	0
      132	2023-11-14 09:36:58	1	0	1	0
      139	2023-11-14 10:51:52	1	0	1	0
      140	2023-11-14 13:14:05	1	0	1	0
      140	2023-11-14 13:14:10	1	0	1	0
      141	2023-11-14 13:16:52	1	0	1	0
      141	2023-11-14 13:16:55	1	0	1	0
      150	2023-11-14 13:43:16	1	0	1	0
      154	2023-11-14 13:51:46	1	0	1	0
      152	2023-11-14 14:16:13	1	0	1	0
      151	2023-11-14 14:28:45	1	0	1	0
      137	2023-11-14 15:24:09	1	0	1	0
      109	2023-11-14 15:26:03	1	0	1	0
      145	2023-11-14 15:37:24	1	0	1	0
      128	2023-11-14 15:46:07	1	0	1	0
      124	2023-11-14 15:46:56	1	0	1	0
      113	2023-11-14 15:47:02	1	0	1	0
      126	2023-11-14 15:47:08	1	0	1	0
      141	2023-11-14 15:47:25	1	0	1	0
      133	2023-11-14 15:48:00	1	0	1	0
      144	2023-11-14 15:48:31	1	0	1	0
      143	2023-11-14 15:48:53	1	0	1	0
      107	2023-11-14 15:48:59	1	0	1	0
      105	2023-11-14 15:49:05	1	0	1	0
      101	2023-11-14 15:49:08	1	0	1	0
      106	2023-11-14 15:49:14	1	0	1	0
      108	2023-11-14 15:49:57	1	0	15	0
      104	2023-11-14 15:50:29	1	0	1	0
      131	2023-11-14 15:52:57	1	0	1	0
      110	2023-11-14 15:54:01	1	0	15	0
      110	2023-11-14 15:54:03	1	0	15	0
      116	2023-11-14 15:55:02	1	0	1	0
      123	2023-11-14 15:56:11	1	0	1	0
      174	2023-11-14 15:57:09	1	0	1	0
      130	2023-11-14 15:57:17	1	0	1	0
      149	2023-11-14 15:57:27	1	0	1	0
      115	2023-11-14 15:57:40	1	0	1	0
      127	2023-11-14 16:00:43	1	0	1	0
      102	2023-11-14 16:01:24	1	0	1	0
      118	2023-11-14 16:01:31	1	0	1	0
      132	2023-11-14 16:08:27	1	0	1	0
      140	2023-11-14 16:09:35	1	0	1	0
      153	2023-11-14 16:16:01	1	0	1	0
      117	2023-11-14 16:31:32	1	0	1	0
      119	2023-11-14 16:31:36	1	0	1	0
      146	2023-11-14 16:31:42	1	0	1	0
      121	2023-11-14 16:42:13	1	0	1	0
      147	2023-11-14 17:04:28	1	0	1	0
      115	2023-11-15 07:42:50	1	0	1	0
      105	2023-11-15 07:45:17	1	0	1	0
      140	2023-11-15 07:48:00	1	0	1	0
      149	2023-11-15 07:52:43	1	0	1	0
      128	2023-11-15 07:54:33	1	0	1	0
      107	2023-11-15 07:54:37	1	0	1	0
      124	2023-11-15 07:54:45	1	0	1	0
      113	2023-11-15 07:55:01	1	0	1	0
      126	2023-11-15 07:55:10	1	0	1	0
      133	2023-11-15 07:55:32	1	0	1	0
      109	2023-11-15 07:58:08	1	0	1	0
      137	2023-11-15 07:58:17	1	0	1	0
      143	2023-11-15 07:58:45	1	0	1	0
      101	2023-11-15 08:00:53	1	0	1	0
      108	2023-11-15 08:00:57	1	0	1	0
      110	2023-11-15 08:02:39	1	0	15	0
      110	2023-11-15 08:02:41	1	0	15	0
      146	2023-11-15 08:02:58	1	0	1	0
      116	2023-11-15 08:03:02	1	0	1	0
      119	2023-11-15 08:03:05	1	0	1	0
      117	2023-11-15 08:03:09	1	0	1	0
      130	2023-11-15 08:16:26	1	0	1	0
      125	2023-11-15 08:22:35	1	0	1	0
      104	2023-11-15 08:23:11	1	0	1	0
      151	2023-11-15 08:28:11	1	0	1	0
      131	2023-11-15 08:29:25	1	0	1	0
      127	2023-11-15 08:29:56	1	0	1	0
      174	2023-11-15 08:31:27	1	0	1	0
      122	2023-11-15 08:31:33	1	0	1	0
      136	2023-11-15 08:31:42	1	0	1	0
      123	2023-11-15 08:36:43	1	0	1	0
      123	2023-11-15 08:38:13	1	0	1	0
      153	2023-11-15 08:38:22	1	0	1	0
      148	2023-11-15 08:38:25	1	0	1	0
      154	2023-11-15 08:38:37	1	0	1	0
      121	2023-11-15 08:41:15	1	0	1	0
      144	2023-11-15 08:49:52	1	0	1	0
      147	2023-11-15 08:49:57	1	0	1	0
      118	2023-11-15 08:52:17	1	0	1	0
      102	2023-11-15 08:52:22	1	0	1	0
      134	2023-11-15 08:54:48	1	0	1	0
      132	2023-11-15 09:01:13	1	0	1	0
      150	2023-11-15 09:09:08	1	0	1	0
      145	2023-11-15 09:13:22	1	0	1	0
      142	2023-11-15 09:31:09	1	0	1	0
      152	2023-11-15 09:31:14	1	0	1	0
      141	2023-11-15 09:36:44	1	0	1	0
      114	2023-11-15 09:57:49	1	0	1	0
      139	2023-11-15 12:57:40	1	0	1	0
      148	2023-11-15 13:52:30	1	0	1	0
      154	2023-11-15 13:53:34	1	0	1	0
      154	2023-11-15 13:53:35	1	0	1	0
      152	2023-11-15 13:53:40	1	0	1	0
      142	2023-11-15 13:53:43	1	0	1	0
      153	2023-11-15 13:53:48	1	0	1	0
      150	2023-11-15 14:08:27	1	0	1	0
      151	2023-11-15 14:21:10	1	0	1	0
      137	2023-11-15 15:24:38	1	0	1	0
      145	2023-11-15 15:28:04	1	0	1	0
      121	2023-11-15 15:40:02	1	0	1	0
      143	2023-11-15 15:43:55	1	0	1	0
      144	2023-11-15 15:48:39	1	0	1	0
      126	2023-11-15 15:50:34	1	0	1	0
      133	2023-11-15 15:50:44	1	0	1	0
      113	2023-11-15 15:50:50	1	0	1	0
      124	2023-11-15 15:51:18	1	0	1	0
      128	2023-11-15 15:51:22	1	0	1	0
      130	2023-11-15 15:52:07	1	0	1	0
      116	2023-11-15 15:52:17	1	0	1	0
      116	2023-11-15 15:52:29	1	0	1	0
      116	2023-11-15 15:52:31	1	0	1	0
      131	2023-11-15 15:52:40	1	0	1	0
      110	2023-11-15 15:52:53	1	0	15	0
      110	2023-11-15 15:52:55	1	0	15	0
      123	2023-11-15 15:53:00	1	0	1	0
      107	2023-11-15 15:53:18	1	0	1	0
      108	2023-11-15 15:53:32	1	0	1	0
      104	2023-11-15 15:53:54	1	0	1	0
      123	2023-11-15 15:54:00	1	0	1	0
      174	2023-11-15 15:55:15	1	0	1	0
      136	2023-11-15 15:55:41	1	0	1	0
      115	2023-11-15 15:56:25	1	0	1	0
      132	2023-11-15 15:57:17	1	0	1	0
      141	2023-11-15 15:57:46	1	0	15	0
      122	2023-11-15 15:58:13	1	0	1	0
      125	2023-11-15 15:59:12	1	0	15	0
      127	2023-11-15 16:02:09	1	0	1	0
      118	2023-11-15 16:02:16	1	0	1	0
      102	2023-11-15 16:02:18	1	0	1	0
      140	2023-11-15 16:04:15	1	0	1	0
      147	2023-11-15 16:06:17	1	0	1	0
      149	2023-11-15 16:07:05	1	0	1	0
      117	2023-11-15 17:05:59	1	0	1	0
      146	2023-11-15 17:06:05	1	0	15	0
      119	2023-11-15 17:08:27	1	0	1	0
      115	2023-11-16 07:45:05	1	0	1	0
      105	2023-11-16 07:45:11	1	0	1	0
      108	2023-11-16 07:52:40	1	0	1	0
      143	2023-11-16 07:52:53	1	0	1	0
      140	2023-11-16 07:53:20	1	0	1	0
      137	2023-11-16 07:54:36	1	0	1	0
      109	2023-11-16 07:54:40	1	0	1	0
      124	2023-11-16 07:59:13	1	0	1	0
      114	2023-11-16 07:59:20	1	0	1	0
      113	2023-11-16 07:59:24	1	0	1	0
      106	2023-11-16 07:59:33	1	0	1	0
      107	2023-11-16 07:59:37	1	0	1	0
      128	2023-11-16 07:59:39	1	0	1	0
      133	2023-11-16 07:59:46	1	0	1	0
      126	2023-11-16 07:59:53	1	0	1	0
      117	2023-11-16 08:02:51	1	0	1	0
      146	2023-11-16 08:03:06	1	0	1	0
      119	2023-11-16 08:03:09	1	0	1	0
      116	2023-11-16 08:03:21	1	0	1	0
      110	2023-11-16 08:03:28	1	0	15	0
      125	2023-11-16 08:16:09	1	0	1	0
      130	2023-11-16 08:19:58	1	0	1	0
      149	2023-11-16 08:21:11	1	0	1	0
      127	2023-11-16 08:21:18	1	0	1	0
      144	2023-11-16 08:23:51	1	0	1	0
      174	2023-11-16 08:27:15	1	0	1	0
      136	2023-11-16 08:27:24	1	0	1	0
      131	2023-11-16 08:30:51	1	0	1	0
      154	2023-11-16 08:32:03	1	0	1	0
      104	2023-11-16 08:32:26	1	0	1	0
      151	2023-11-16 08:32:33	1	0	1	0
      148	2023-11-16 08:33:20	1	0	1	0
      147	2023-11-16 08:34:52	1	0	1	0
      118	2023-11-16 08:37:55	1	0	1	0
      102	2023-11-16 08:37:58	1	0	1	0
      145	2023-11-16 08:42:53	1	0	1	0
      139	2023-11-16 08:47:43	1	0	1	0
      134	2023-11-16 08:49:48	1	0	1	0
      152	2023-11-16 09:10:12	1	0	1	0
      141	2023-11-16 09:11:10	1	0	1	0
      150	2023-11-16 09:26:28	1	0	1	0
      132	2023-11-16 09:33:58	1	0	1	0
      121	2023-11-16 09:36:58	1	0	1	0
      123	2023-11-16 09:50:11	1	0	1	0
      148	2023-11-16 13:49:33	1	0	1	0
      154	2023-11-16 13:53:13	1	0	1	0
      152	2023-11-16 14:18:58	1	0	1	0
      150	2023-11-16 14:19:02	1	0	1	0
      151	2023-11-16 14:20:01	1	0	1	0
      137	2023-11-16 15:23:34	1	0	1	0
      109	2023-11-16 15:25:09	1	0	1	0
      145	2023-11-16 15:38:39	1	0	1	0
      141	2023-11-16 15:47:39	1	0	1	0
      108	2023-11-16 15:47:48	1	0	1	0
      144	2023-11-16 15:47:55	1	0	1	0
      144	2023-11-16 15:47:56	1	0	1	0
      113	2023-11-16 15:48:07	1	0	1	0
      126	2023-11-16 15:48:12	1	0	1	0
      124	2023-11-16 15:48:17	1	0	1	0
      133	2023-11-16 15:48:24	1	0	1	0
      114	2023-11-16 15:48:37	1	0	1	0
      128	2023-11-16 15:49:52	1	0	1	0
      107	2023-11-16 15:50:06	1	0	1	0
      131	2023-11-16 15:50:18	1	0	1	0
      106	2023-11-16 15:50:22	1	0	1	0
      143	2023-11-16 15:52:00	1	0	1	0
      115	2023-11-16 15:54:27	1	0	1	0
      121	2023-11-16 15:54:45	1	0	1	0
      174	2023-11-16 15:59:47	1	0	1	0
      136	2023-11-16 15:59:56	1	0	1	0
      130	2023-11-16 16:00:38	1	0	1	0
      116	2023-11-16 16:00:43	1	0	1	0
      125	2023-11-16 16:01:23	1	0	1	0
      147	2023-11-16 16:01:32	1	0	1	0
      127	2023-11-16 16:01:37	1	0	1	0
      102	2023-11-16 16:06:20	1	0	1	0
      118	2023-11-16 16:06:25	1	0	1	0
      149	2023-11-16 16:08:11	1	0	1	0
      132	2023-11-16 16:27:11	1	0	1	0
      140	2023-11-16 16:33:02	1	0	1	0
      119	2023-11-16 17:18:24	1	0	1	0
      117	2023-11-16 17:18:30	1	0	1	0
      146	2023-11-16 17:18:37	1	0	15	0
      105	2023-11-17 07:44:29	1	0	1	0
      115	2023-11-17 07:44:35	1	0	1	0
      140	2023-11-17 07:46:28	1	0	1	0
      149	2023-11-17 07:49:19	1	0	1	0
      143	2023-11-17 07:51:07	1	0	1	0
      137	2023-11-17 07:56:22	1	0	1	0
      114	2023-11-17 07:56:31	1	0	1	0
      107	2023-11-17 07:56:56	1	0	1	0
      116	2023-11-17 07:57:33	1	2	1	0
      128	2023-11-17 07:57:56	1	2	1	0
      106	2023-11-17 07:58:10	1	2	1	0
      113	2023-11-17 07:58:20	1	2	1	0
      126	2023-11-17 07:58:26	1	2	1	0
      133	2023-11-17 07:58:33	1	2	1	0
      109	2023-11-17 07:59:45	1	2	1	0
      108	2023-11-17 08:03:04	1	0	1	0
      117	2023-11-17 08:16:09	1	0	1	0
      146	2023-11-17 08:16:16	1	0	1	0
      119	2023-11-17 08:16:22	1	0	1	0
      130	2023-11-17 08:19:20	1	0	1	0
      125	2023-11-17 08:23:20	1	0	1	0
      123	2023-11-17 08:23:59	1	0	1	0
      174	2023-11-17 08:28:47	1	0	1	0
      122	2023-11-17 08:28:51	1	0	1	0
      136	2023-11-17 08:29:31	1	0	1	0
      151	2023-11-17 08:29:54	1	0	1	0
      144	2023-11-17 08:32:10	1	0	1	0
      154	2023-11-17 08:32:41	1	0	1	0
      148	2023-11-17 08:32:53	1	0	1	0
      153	2023-11-17 08:33:06	1	0	1	0
      131	2023-11-17 08:33:39	1	0	1	0
      121	2023-11-17 08:37:40	1	0	1	0
      127	2023-11-17 08:48:31	1	0	1	0
      145	2023-11-17 08:48:55	1	0	1	0
      141	2023-11-17 08:52:43	1	0	1	0
      132	2023-11-17 08:56:54	1	0	1	0
      135	2023-11-17 09:01:03	1	0	1	0
      118	2023-11-17 09:01:20	1	0	1	0
      102	2023-11-17 09:02:14	1	0	1	0
      150	2023-11-17 09:07:29	1	0	1	0
      150	2023-11-17 09:07:31	1	0	1	0
      110	2023-11-17 09:10:26	1	0	1	0
      147	2023-11-17 09:17:47	1	0	1	0
      154	2023-11-17 09:48:20	1	0	1	0
      115	2023-11-17 11:48:25	1	0	1	0
      150	2023-11-17 12:25:41	1	0	1	0
      146	2023-11-17 12:25:46	1	0	1	0
      151	2023-11-17 12:26:25	1	0	1	0
      118	2023-11-17 12:52:00	1	0	1	0
      135	2023-11-17 13:09:22	1	0	1	0
      153	2023-11-17 14:28:44	1	0	1	0
      141	2023-11-17 14:28:58	1	0	1	0
      145	2023-11-17 15:08:19	1	0	1	0
      122	2023-11-17 15:13:05	1	0	1	0
      136	2023-11-17 15:13:25	1	0	1	0
      108	2023-11-17 15:48:34	1	0	1	0
      113	2023-11-17 15:49:02	1	0	1	0
      114	2023-11-17 15:49:20	1	0	1	0
      133	2023-11-17 15:49:39	1	0	1	0
      128	2023-11-17 15:49:44	1	0	1	0
      126	2023-11-17 15:49:49	1	0	1	0
      107	2023-11-17 15:50:38	1	0	1	0
      106	2023-11-17 15:50:45	1	0	1	0
      144	2023-11-17 15:53:36	1	0	1	0
      144	2023-11-17 15:55:33	1	0	1	0
      144	2023-11-17 15:56:01	1	0	1	0
      144	2023-11-17 15:56:32	1	0	1	0
      123	2023-11-17 15:57:03	1	0	1	0
      130	2023-11-17 15:58:34	1	0	1	0
      131	2023-11-17 16:00:13	1	0	1	0
      125	2023-11-17 16:02:50	1	0	1	0
      121	2023-11-17 16:02:59	1	0	1	0
      127	2023-11-17 16:04:06	1	0	1	0
      119	2023-11-17 16:04:09	1	0	1	0
      147	2023-11-17 16:06:24	1	0	1	0
      149	2023-11-17 16:06:27	1	0	1	0
      149	2023-11-20 07:45:54	1	0	1	0
      105	2023-11-20 07:49:56	1	0	1	0
      143	2023-11-20 07:56:26	1	0	1	0
      148	2023-11-20 07:57:13	1	0	1	0
      148	2023-11-20 07:57:15	1	0	1	0
      137	2023-11-20 07:57:21	1	0	1	0
      109	2023-11-20 07:57:37	1	0	1	0
      154	2023-11-20 07:57:50	1	0	1	0
      124	2023-11-20 08:00:23	1	0	1	0
      114	2023-11-20 08:00:31	1	0	1	0
      113	2023-11-20 08:00:53	1	0	1	0
      106	2023-11-20 08:01:10	1	0	1	0
      126	2023-11-20 08:01:19	1	0	1	0
      133	2023-11-20 08:01:27	1	0	1	0
      128	2023-11-20 08:01:32	1	0	1	0
      107	2023-11-20 08:01:41	1	0	1	0
      110	2023-11-20 08:02:05	1	0	1	0
      116	2023-11-20 08:02:11	1	0	1	0
      108	2023-11-20 08:06:12	1	0	1	0
      117	2023-11-20 08:09:29	1	0	1	0
      119	2023-11-20 08:09:38	1	0	1	0
      125	2023-11-20 08:26:18	1	0	1	0
      130	2023-11-20 08:28:45	1	0	1	0
      151	2023-11-20 08:29:38	1	0	1	0
      118	2023-11-20 08:31:54	1	0	1	0
      127	2023-11-20 08:32:10	1	0	1	0
      131	2023-11-20 08:33:52	1	0	1	0
      122	2023-11-20 08:34:56	1	0	1	0
      136	2023-11-20 08:35:03	1	0	1	0
      144	2023-11-20 08:35:48	1	0	1	0
      153	2023-11-20 08:37:34	1	0	1	0
      104	2023-11-20 08:45:12	1	0	1	0
      134	2023-11-20 08:52:17	1	0	1	0
      123	2023-11-20 08:57:44	1	0	1	0
      145	2023-11-20 09:05:47	1	0	1	0
      135	2023-11-20 09:09:14	1	0	1	0
      132	2023-11-20 09:13:44	1	0	1	0
      150	2023-11-20 09:19:39	1	0	1	0
      141	2023-11-20 09:45:31	1	0	1	0
      142	2023-11-20 09:45:44	1	0	1	0
      152	2023-11-20 09:45:50	1	0	1	0
      146	2023-11-20 11:31:56	1	0	1	0
      154	2023-11-20 13:44:52	1	0	1	0
      150	2023-11-20 13:55:36	1	0	1	0
      150	2023-11-20 13:55:37	1	0	1	0
      154	2023-11-20 13:56:56	1	0	1	0
      152	2023-11-20 13:57:21	1	0	1	0
      142	2023-11-20 13:57:25	1	0	1	0
      151	2023-11-20 14:58:31	1	0	1	0
      118	2023-11-20 15:03:56	1	0	1	0
      118	2023-11-20 15:03:57	1	0	1	0
      141	2023-11-20 15:18:32	1	0	1	0
      137	2023-11-20 15:22:30	1	0	1	0
      109	2023-11-20 15:23:39	1	0	1	0
      145	2023-11-20 15:37:29	1	0	1	0
      136	2023-11-20 15:47:20	1	0	1	0
      143	2023-11-20 15:47:29	1	0	1	0
      114	2023-11-20 15:48:36	1	0	1	0
      148	2023-11-20 15:49:00	1	0	1	0
      153	2023-11-20 15:49:05	1	0	1	0
      108	2023-11-20 15:49:18	1	0	1	0
      133	2023-11-20 15:49:30	1	0	1	0
      128	2023-11-20 15:49:33	1	0	1	0
      107	2023-11-20 15:49:41	1	0	1	0
      126	2023-11-20 15:49:45	1	0	1	0
      106	2023-11-20 15:49:50	1	0	1	0
      124	2023-11-20 15:49:54	1	0	1	0
      113	2023-11-20 15:50:00	1	0	1	0
      132	2023-11-20 15:50:35	1	0	1	0
      104	2023-11-20 15:52:45	1	0	1	0
      131	2023-11-20 15:53:20	1	0	1	0
      144	2023-11-20 15:56:57	1	0	1	0
      110	2023-11-20 16:01:58	1	0	1	0
      116	2023-11-20 16:02:21	1	0	1	0
      123	2023-11-20 16:02:48	1	0	1	0
      125	2023-11-20 16:03:31	1	0	1	0
      127	2023-11-20 16:04:21	1	0	1	0
      149	2023-11-20 16:13:28	1	0	1	0
      140	2023-11-20 16:25:35	1	0	1	0
      119	2023-11-20 16:49:29	1	0	1	0
      117	2023-11-20 16:49:32	1	0	1	0
      146	2023-11-20 16:49:45	1	0	1	0
      149	2023-11-21 07:46:17	1	0	1	0
      105	2023-11-21 07:46:28	1	0	1	0
      140	2023-11-21 07:51:48	1	0	1	0
      143	2023-11-21 07:51:56	1	0	1	0
      109	2023-11-21 07:56:08	1	0	1	0
      137	2023-11-21 07:56:13	1	0	1	0
      128	2023-11-21 08:05:00	1	0	1	0
      124	2023-11-21 08:05:05	1	0	1	0
      114	2023-11-21 08:05:10	1	0	1	0
      113	2023-11-21 08:05:22	1	0	1	0
      126	2023-11-21 08:05:27	1	0	1	0
      106	2023-11-21 08:06:11	1	0	1	0
      107	2023-11-21 08:06:23	1	0	1	0
      133	2023-11-21 08:06:38	1	0	1	0
      104	2023-11-21 08:06:50	1	0	1	0
      108	2023-11-21 08:09:11	1	0	1	0
      117	2023-11-21 08:11:02	1	0	1	0
      119	2023-11-21 08:11:10	1	0	1	0
      146	2023-11-21 08:11:41	1	0	1	0
      110	2023-11-21 08:13:51	1	0	1	0
      116	2023-11-21 08:14:00	1	0	1	0
      125	2023-11-21 08:23:49	1	0	1	0
      130	2023-11-21 08:27:20	1	0	1	0
      174	2023-11-21 08:28:42	1	0	1	0
      136	2023-11-21 08:28:47	1	0	1	0
      148	2023-11-21 08:31:42	1	0	1	0
      153	2023-11-21 08:31:55	1	0	1	0
      154	2023-11-21 08:32:01	1	0	1	0
      127	2023-11-21 08:36:07	1	0	1	0
      151	2023-11-21 08:39:12	1	0	1	0
      144	2023-11-21 08:41:20	1	0	1	0
      123	2023-11-21 08:42:40	1	0	1	0
      123	2023-11-21 08:42:46	1	0	1	0
      131	2023-11-21 08:44:59	1	0	1	0
      118	2023-11-21 08:49:52	1	0	1	0
      134	2023-11-21 08:51:30	1	0	1	0
      147	2023-11-21 08:52:28	1	0	1	0
      121	2023-11-21 08:56:16	1	0	1	0
      145	2023-11-21 09:07:18	1	0	1	0
      135	2023-11-21 09:07:30	1	0	1	0
      142	2023-11-21 09:15:55	1	0	1	0
      152	2023-11-21 09:16:01	1	0	1	0
      150	2023-11-21 09:16:14	1	0	1	0
      141	2023-11-21 09:26:27	1	0	1	0
      106	2023-11-21 13:28:49	1	0	1	0
      154	2023-11-21 13:53:31	1	0	1	0
      150	2023-11-21 14:11:03	1	0	1	0
      142	2023-11-21 14:16:21	1	0	1	0
      152	2023-11-21 14:16:31	1	0	1	0
      150	2023-11-21 14:45:37	1	0	1	0
      135	2023-11-21 15:07:58	1	0	1	0
      151	2023-11-21 15:13:17	1	0	1	0
      109	2023-11-21 15:15:48	1	0	1	0
      141	2023-11-21 15:19:12	1	0	1	0
      137	2023-11-21 15:25:10	1	0	1	0
      144	2023-11-21 15:27:27	1	0	1	0
      145	2023-11-21 15:35:59	1	0	1	0
      123	2023-11-21 15:36:42	1	0	1	0
      130	2023-11-21 15:36:57	1	0	1	0
      116	2023-11-21 15:37:03	1	0	1	0
      110	2023-11-21 15:37:14	1	0	15	0
      123	2023-11-21 15:37:26	1	0	1	0
      154	2023-11-21 15:42:46	1	0	1	0
      148	2023-11-21 15:42:57	1	0	1	0
      153	2023-11-21 15:44:04	1	0	1	0
      143	2023-11-21 15:44:48	1	0	1	0
      124	2023-11-21 15:49:00	1	0	1	0
      107	2023-11-21 15:49:11	1	0	1	0
      133	2023-11-21 15:49:31	1	0	1	0
      126	2023-11-21 15:49:34	1	0	1	0
      128	2023-11-21 15:49:37	1	0	1	0
      113	2023-11-21 15:49:43	1	0	1	0
      114	2023-11-21 15:49:49	1	0	1	0
      104	2023-11-21 15:51:23	1	0	1	0
      108	2023-11-21 15:52:17	1	0	1	0
      118	2023-11-21 15:52:36	1	0	1	0
      121	2023-11-21 15:54:00	1	0	1	0
      121	2023-11-21 15:54:02	1	0	1	0
      115	2023-11-21 15:54:05	1	0	1	0
      131	2023-11-21 15:54:11	1	0	1	0
      125	2023-11-21 15:57:36	1	0	1	0
      174	2023-11-21 16:03:40	1	0	1	0
      136	2023-11-21 16:03:48	1	0	1	0
      127	2023-11-21 16:04:51	1	0	1	0
      149	2023-11-21 16:05:07	1	0	1	0
      117	2023-11-21 17:04:24	1	0	1	0
      117	2023-11-21 17:04:26	1	0	1	0
      146	2023-11-21 17:04:29	1	0	1	0
      119	2023-11-21 17:04:33	1	0	1	0
      147	2023-11-21 17:06:50	1	0	1	0
      140	2023-11-21 17:43:57	1	0	1	0
      105	2023-11-22 07:47:43	1	0	1	0
      143	2023-11-22 07:54:21	1	0	1	0
      140	2023-11-22 07:54:57	1	0	1	0
      149	2023-11-22 07:57:34	1	0	1	0
      116	2023-11-22 08:02:11	1	0	1	0
      110	2023-11-22 08:03:14	1	0	15	0
      104	2023-11-22 08:03:33	1	0	1	0
      108	2023-11-22 08:03:38	1	0	1	0
      115	2023-11-22 08:04:29	1	0	1	0
      113	2023-11-22 08:04:48	1	0	1	0
      114	2023-11-22 08:04:54	1	0	1	0
      124	2023-11-22 08:04:59	1	0	1	0
      106	2023-11-22 08:05:16	1	0	1	0
      133	2023-11-22 08:05:21	1	0	1	0
      126	2023-11-22 08:05:26	1	0	1	0
      128	2023-11-22 08:05:35	1	0	1	0
      107	2023-11-22 08:05:38	1	0	1	0
      117	2023-11-22 08:10:33	1	0	1	0
      119	2023-11-22 08:10:36	1	0	1	0
      146	2023-11-22 08:11:35	1	0	1	0
      137	2023-11-22 08:12:22	1	0	1	0
      127	2023-11-22 08:15:43	1	0	1	0
      132	2023-11-22 08:27:23	1	0	1	0
      131	2023-11-22 08:30:12	1	0	1	0
      125	2023-11-22 08:30:44	1	0	1	0
      144	2023-11-22 08:30:56	1	0	1	0
      153	2023-11-22 08:32:15	1	0	1	0
      154	2023-11-22 08:32:23	1	0	1	0
      148	2023-11-22 08:32:31	1	0	1	0
      109	2023-11-22 08:32:36	1	0	1	0
      174	2023-11-22 08:33:49	1	0	1	0
      151	2023-11-22 08:34:23	1	0	1	0
      136	2023-11-22 08:34:30	1	0	1	0
      130	2023-11-22 08:34:51	1	0	1	0
      123	2023-11-22 08:37:23	1	0	1	0
      134	2023-11-22 08:53:04	1	0	1	0
      147	2023-11-22 09:00:20	1	0	1	0
      145	2023-11-22 09:07:20	1	0	1	0
      135	2023-11-22 09:09:27	1	0	1	0
      118	2023-11-22 09:12:55	1	0	1	0
      150	2023-11-22 09:23:33	1	0	1	0
      121	2023-11-22 09:23:40	1	0	1	0
      150	2023-11-22 09:23:54	1	0	1	0
      150	2023-11-22 09:23:56	1	0	1	0
      141	2023-11-22 09:24:34	1	0	1	0
      152	2023-11-22 09:51:01	1	0	1	0
      128	2023-11-22 12:14:21	1	0	1	0
      150	2023-11-22 14:21:46	1	0	1	0
      152	2023-11-22 14:23:16	1	0	1	0
      141	2023-11-22 14:30:33	1	0	1	0
      141	2023-11-22 14:30:35	1	0	15	0
      135	2023-11-22 14:47:51	1	0	1	0
      151	2023-11-22 15:05:04	1	0	1	0
      154	2023-11-22 15:07:15	1	0	1	0
      148	2023-11-22 15:07:18	1	0	1	0
      153	2023-11-22 15:07:47	1	0	1	0
      109	2023-11-22 15:20:11	1	0	1	0
      137	2023-11-22 15:21:35	1	0	1	0
      121	2023-11-22 15:34:36	1	0	1	0
      132	2023-11-22 15:43:15	1	0	1	0
      145	2023-11-22 15:44:14	1	0	1	0
      126	2023-11-22 15:48:41	1	0	1	0
      133	2023-11-22 15:48:46	1	0	1	0
      113	2023-11-22 15:48:49	1	0	1	0
      124	2023-11-22 15:49:18	1	0	1	0
      107	2023-11-22 15:49:40	1	0	1	0
      110	2023-11-22 15:49:52	1	0	15	0
      110	2023-11-22 15:49:54	1	0	15	0
      123	2023-11-22 15:49:56	1	0	1	0
      104	2023-11-22 15:50:48	1	0	1	0
      106	2023-11-22 15:51:03	1	0	1	0
      114	2023-11-22 15:51:07	1	0	1	0
      131	2023-11-22 15:51:14	1	0	1	0
      144	2023-11-22 15:52:25	1	0	1	0
      143	2023-11-22 15:52:35	1	0	1	0
      108	2023-11-22 15:53:20	1	0	1	0
      125	2023-11-22 15:55:47	1	0	1	0
      174	2023-11-22 15:56:22	1	0	1	0
      127	2023-11-22 15:56:28	1	0	1	0
      136	2023-11-22 15:56:59	1	0	1	0
      115	2023-11-22 15:57:44	1	0	1	0
      118	2023-11-22 15:57:49	1	0	1	0
      118	2023-11-22 15:57:51	1	0	1	0
      130	2023-11-22 16:00:42	1	0	1	0
      116	2023-11-22 16:00:55	1	0	1	0
      147	2023-11-22 16:04:42	1	0	1	0
      149	2023-11-22 16:04:45	1	0	1	0
      140	2023-11-22 16:31:01	1	0	1	0
      146	2023-11-22 17:07:13	1	0	1	0
      117	2023-11-22 17:07:48	1	0	1	0
      119	2023-11-22 17:07:56	1	0	1	0
      149	2023-11-23 07:44:09	1	0	1	0
      115	2023-11-23 07:52:38	1	0	1	0
      143	2023-11-23 07:55:40	1	0	1	0
      140	2023-11-23 07:58:14	1	0	1	0
      108	2023-11-23 07:59:22	1	0	1	0
      116	2023-11-23 08:06:15	1	0	1	0
      110	2023-11-23 08:06:51	1	0	15	0
      113	2023-11-23 08:07:00	1	0	1	0
      114	2023-11-23 08:07:09	1	0	1	0
      124	2023-11-23 08:07:26	1	0	1	0
      106	2023-11-23 08:07:49	1	0	1	0
      128	2023-11-23 08:07:55	1	0	1	0
      126	2023-11-23 08:07:59	1	0	1	0
      107	2023-11-23 08:08:06	1	0	1	0
      119	2023-11-23 08:08:21	1	0	1	0
      133	2023-11-23 08:08:26	1	0	1	0
      117	2023-11-23 08:08:37	1	0	1	0
      146	2023-11-23 08:08:45	1	0	1	0
      137	2023-11-23 08:11:23	1	0	1	0
      109	2023-11-23 08:11:33	1	0	1	0
      130	2023-11-23 08:15:22	1	0	1	0
      132	2023-11-23 08:21:21	1	0	1	0
      125	2023-11-23 08:23:25	1	0	1	0
      104	2023-11-23 08:29:32	1	0	1	0
      151	2023-11-23 08:30:30	1	0	1	0
      174	2023-11-23 08:32:13	1	0	1	0
      136	2023-11-23 08:32:26	1	0	1	0
      148	2023-11-23 08:34:05	1	0	1	0
      154	2023-11-23 08:34:28	1	0	1	0
      153	2023-11-23 08:34:48	1	0	1	0
      144	2023-11-23 08:42:33	1	0	1	0
      147	2023-11-23 08:42:49	1	0	1	0
      127	2023-11-23 08:42:53	1	0	1	0
      131	2023-11-23 08:46:57	1	0	1	0
      118	2023-11-23 08:47:38	1	0	1	0
      123	2023-11-23 08:52:14	1	0	1	0
      134	2023-11-23 08:56:06	1	0	1	0
      145	2023-11-23 08:58:36	1	0	1	0
      150	2023-11-23 09:00:18	1	0	1	0
      141	2023-11-23 09:21:21	1	0	1	0
      135	2023-11-23 09:25:58	1	0	1	0
      128	2023-11-23 11:06:05	1	0	1	0
      116	2023-11-23 11:49:34	1	0	1	0
      116	2023-11-23 11:49:37	1	0	1	0
      143	2023-11-23 13:06:45	1	0	1	0
      124	2023-11-23 14:29:55	1	0	1	0
      150	2023-11-23 14:33:07	1	0	1	0
      151	2023-11-23 14:55:29	1	0	1	0
      109	2023-11-23 15:24:13	1	0	1	0
      137	2023-11-23 15:24:35	1	0	1	0
      145	2023-11-23 15:25:51	1	0	1	0
      148	2023-11-23 15:38:44	1	0	1	0
      154	2023-11-23 15:38:49	1	0	1	0
      154	2023-11-23 15:38:50	1	0	1	0
      153	2023-11-23 15:38:53	1	0	1	0
      144	2023-11-23 15:47:31	1	0	1	0
      106	2023-11-23 15:48:04	1	0	1	0
      126	2023-11-23 15:48:17	1	0	1	0
      133	2023-11-23 15:48:25	1	0	1	0
      113	2023-11-23 15:48:33	1	0	1	0
      123	2023-11-23 15:49:21	1	0	1	0
      130	2023-11-23 15:49:38	1	0	1	0
      107	2023-11-23 15:49:45	1	0	1	0
      131	2023-11-23 15:50:37	1	0	1	0
      125	2023-11-23 15:51:46	1	0	1	0
      132	2023-11-23 15:52:31	1	0	1	0
      174	2023-11-23 15:59:18	1	0	1	0
      136	2023-11-23 15:59:26	1	0	1	0
      115	2023-11-23 15:59:31	1	0	1	0
      127	2023-11-23 16:00:05	1	0	1	0
      147	2023-11-23 16:00:27	1	0	1	0
      147	2023-11-23 16:00:29	1	0	1	0
      149	2023-11-23 16:00:56	1	0	1	0
      149	2023-11-23 16:00:57	1	0	1	0
      118	2023-11-23 16:18:47	1	0	1	0
      140	2023-11-23 17:05:35	1	0	1	0
      146	2023-11-23 17:11:40	1	0	15	0
      117	2023-11-23 17:12:01	1	0	1	0
      119	2023-11-23 17:12:07	1	0	1	0
      141	2023-11-23 17:14:59	1	0	1	0
      149	2023-11-24 07:43:35	1	0	1	0
      140	2023-11-24 07:47:27	1	0	1	0
      115	2023-11-24 07:56:49	1	0	1	0
      128	2023-11-24 08:07:44	1	0	1	0
      124	2023-11-24 08:07:48	1	0	1	0
      114	2023-11-24 08:07:54	1	0	1	0
      106	2023-11-24 08:08:01	1	0	1	0
      126	2023-11-24 08:08:08	1	0	1	0
      113	2023-11-24 08:08:35	1	0	1	0
      133	2023-11-24 08:08:42	1	0	1	0
      107	2023-11-24 08:09:07	1	0	1	0
      109	2023-11-24 08:12:40	1	0	1	0
      119	2023-11-24 08:12:50	1	0	1	0
      117	2023-11-24 08:13:16	1	0	1	0
      146	2023-11-24 08:13:55	1	0	1	0
      130	2023-11-24 08:17:54	1	0	1	0
      118	2023-11-24 08:18:05	1	0	1	0
      127	2023-11-24 08:20:59	1	0	1	0
      151	2023-11-24 08:28:47	1	0	1	0
      174	2023-11-24 08:29:07	1	0	1	0
      136	2023-11-24 08:29:13	1	0	1	0
      154	2023-11-24 08:30:49	1	0	1	0
      153	2023-11-24 08:30:58	1	0	1	0
      148	2023-11-24 08:31:04	1	0	1	0
      125	2023-11-24 08:41:55	1	0	1	0
      121	2023-11-24 08:42:33	1	0	1	0
      144	2023-11-24 08:48:05	1	0	1	0
      132	2023-11-24 08:56:00	1	0	1	0
      134	2023-11-24 08:56:11	1	0	1	0
      123	2023-11-24 08:56:23	1	0	1	0
      131	2023-11-24 08:57:07	1	0	1	0
      145	2023-11-24 08:59:16	1	0	1	0
      150	2023-11-24 09:14:45	1	0	1	0
      147	2023-11-24 09:17:34	1	0	1	0
      154	2023-11-24 09:48:45	1	0	1	0
      124	2023-11-24 11:57:55	1	0	1	0
      106	2023-11-24 11:58:32	1	0	1	0
      126	2023-11-24 11:58:39	1	0	1	0
      113	2023-11-24 11:59:05	1	0	1	0
      128	2023-11-24 12:01:18	1	0	1	0
      150	2023-11-24 12:04:17	1	0	1	0
      146	2023-11-24 12:04:27	1	0	1	0
      151	2023-11-24 12:05:07	1	0	1	0
      118	2023-11-24 12:16:32	1	0	1	0
      115	2023-11-24 12:34:41	1	0	1	0
      145	2023-11-24 14:02:20	1	0	1	0
      147	2023-11-24 14:17:43	1	0	1	0
      121	2023-11-24 14:25:14	1	0	1	0
      114	2023-11-24 14:44:19	1	0	1	0
      144	2023-11-24 14:55:09	1	0	1	0
      153	2023-11-24 14:57:20	1	0	1	0
      174	2023-11-24 15:20:08	1	0	1	0
      136	2023-11-24 15:20:14	1	0	1	0
      127	2023-11-24 15:20:19	1	0	1	0
      133	2023-11-24 15:33:18	1	0	1	0
      131	2023-11-24 15:33:28	1	0	1	0
      107	2023-11-24 15:33:46	1	0	1	0
      123	2023-11-24 15:38:13	1	0	1	0
      125	2023-11-24 15:46:08	1	0	1	0
      149	2023-11-24 15:52:43	1	0	1	0
      130	2023-11-24 16:29:17	1	0	1	0
      132	2023-11-24 17:09:06	1	0	1	0
      119	2023-11-27 07:44:34	1	0	1	0
      117	2023-11-27 07:44:43	1	0	1	0
      105	2023-11-27 07:46:28	1	0	1	0
      149	2023-11-27 07:56:50	1	0	1	0
      108	2023-11-27 07:57:51	1	0	1	0
      143	2023-11-27 07:58:24	1	0	1	0
      142	2023-11-27 14:15:31	1	0	1	0
      152	2023-11-27 14:15:37	1	0	1	0
      150	2023-11-27 15:11:45	1	0	1	0
      137	2023-11-27 15:25:12	1	0	1	0
      109	2023-11-27 15:25:33	1	0	1	0
      145	2023-11-27 15:26:10	1	0	1	0
      143	2023-11-27 15:43:41	1	0	1	0
      154	2023-11-27 15:47:11	1	0	1	0
      148	2023-11-27 15:47:34	1	0	1	0
      144	2023-11-27 15:47:43	1	0	1	0
      151	2023-11-27 15:47:49	1	0	1	0
      153	2023-11-27 15:47:56	1	0	1	0
      105	2023-11-27 15:48:23	1	0	1	0
      122	2023-11-27 15:48:28	1	0	1	0
      128	2023-11-27 15:48:40	1	0	1	0
      113	2023-11-27 15:48:46	1	0	1	0
      107	2023-11-27 15:48:52	1	0	1	0
      107	2023-11-27 15:48:53	1	0	1	0
      124	2023-11-27 15:49:12	1	0	1	0
      126	2023-11-27 15:49:20	1	0	1	0
      116	2023-11-27 15:49:54	1	0	1	0
      114	2023-11-27 15:49:57	1	0	1	0
      116	2023-11-27 15:50:02	1	0	1	0
      125	2023-11-27 15:51:02	1	0	1	0
      108	2023-11-27 15:52:19	1	0	1	0
      101	2023-11-27 15:52:25	1	0	1	0
      104	2023-11-27 15:52:32	1	0	1	0
      106	2023-11-27 15:53:05	1	0	1	0
      121	2023-11-27 15:53:14	1	0	1	0
      131	2023-11-27 15:53:44	1	0	1	0
      102	2023-11-27 16:00:02	1	0	1	0
      151	2023-11-27 16:05:19	1	0	1	0
      147	2023-11-27 16:13:17	1	0	1	0
      140	2023-11-27 16:16:28	1	0	1	0
      127	2023-11-27 16:19:37	1	0	1	0
      116	2023-11-27 16:23:30	1	0	1	0
      130	2023-11-27 16:23:34	1	0	1	0
      151	2023-11-28 08:24:09	1	0	1	0
      132	2023-11-28 08:25:37	1	0	1	0
      125	2023-11-28 08:27:05	1	0	1	0
      122	2023-11-28 08:27:12	1	0	1	0
      136	2023-11-28 08:27:28	1	0	1	0
      122	2023-11-28 08:28:27	1	0	1	0
      148	2023-11-28 08:33:43	1	0	1	0
      153	2023-11-28 08:33:46	1	0	1	0
      154	2023-11-28 08:33:50	1	0	1	0
      104	2023-11-28 08:34:07	1	0	1	0
      102	2023-11-28 08:35:09	1	0	1	0
      144	2023-11-28 08:38:12	1	0	1	0
      121	2023-11-28 08:38:40	1	0	1	0
      141	2023-11-28 08:42:14	1	0	1	0
      135	2023-11-28 08:46:11	1	1	1	0
      147	2023-11-28 08:49:31	1	1	1	0
      134	2023-11-28 08:54:08	1	1	1	0
      131	2023-11-28 09:00:58	1	1	1	0
      142	2023-11-28 09:01:10	1	1	1	0
      152	2023-11-28 09:01:20	1	1	1	0
      150	2023-11-28 09:37:56	1	1	1	0
      145	2023-11-28 09:43:15	1	1	1	0
      142	2023-11-28 13:45:10	1	1	1	0
      152	2023-11-28 13:45:15	1	1	1	0
      150	2023-11-28 14:19:40	1	1	1	0
      151	2023-11-28 14:24:04	1	1	1	0
      154	2023-11-28 14:24:17	1	1	1	0
      148	2023-11-28 14:24:55	1	1	1	0
      153	2023-11-28 14:26:18	1	1	1	0
      135	2023-11-28 14:49:51	1	1	1	0
      145	2023-11-28 15:10:42	1	1	1	0
      109	2023-11-28 15:22:26	1	1	1	0
      143	2023-11-28 15:24:53	1	1	1	0
      121	2023-11-28 15:33:45	1	1	1	0
      101	2023-11-28 15:38:07	1	1	1	0
      108	2023-11-28 15:38:15	1	1	1	0
      141	2023-11-28 15:41:17	1	1	1	0
      132	2023-11-28 15:43:04	1	1	1	0
      144	2023-11-28 15:43:22	1	1	1	0
      126	2023-11-28 15:48:12	1	1	1	0
      128	2023-11-28 15:48:17	1	1	1	0
      113	2023-11-28 15:48:42	1	1	1	0
      124	2023-11-28 15:48:47	1	1	1	0
      107	2023-11-28 15:48:55	1	1	1	0
      114	2023-11-28 15:48:57	1	1	1	0
      106	2023-11-28 15:50:01	1	1	1	0
      104	2023-11-28 15:50:52	1	1	1	0
      102	2023-11-28 15:55:04	1	1	1	0
      125	2023-11-28 15:55:21	1	1	1	0
      131	2023-11-28 15:56:07	1	1	1	0
      130	2023-11-28 15:57:06	1	1	1	0
      116	2023-11-28 15:57:10	1	1	1	0
      149	2023-11-28 16:13:28	1	1	1	0
      174	2023-11-28 16:18:26	1	1	1	0
      127	2023-11-28 16:18:54	1	1	1	0
      136	2023-11-28 16:19:41	1	1	1	0
      147	2023-11-28 16:20:30	1	1	1	0
      117	2023-11-28 17:17:01	1	1	1	0
      119	2023-11-28 17:17:07	1	1	1	0
      146	2023-11-28 17:17:54	1	1	1	0
      105	2023-11-29 07:52:17	1	0	1	0
      140	2023-11-29 07:54:31	1	0	1	0
      149	2023-11-29 08:01:50	1	5	1	0
      124	2023-11-29 08:03:12	1	5	1	0
      113	2023-11-29 08:03:18	1	5	1	0
      106	2023-11-29 08:03:26	1	5	1	0
      128	2023-11-29 08:03:34	1	5	1	0
      126	2023-11-29 08:03:46	1	5	1	0
      114	2023-11-29 08:04:04	1	5	1	0
      107	2023-11-29 08:04:09	1	5	1	0
      143	2023-11-29 08:04:48	1	5	1	0
      131	2023-11-29 08:11:07	1	5	1	0
      109	2023-11-29 08:12:07	1	5	1	0
      137	2023-11-29 08:12:21	1	5	1	0
      108	2023-11-29 08:12:49	1	5	1	0
      101	2023-11-29 08:12:55	1	5	1	0
      116	2023-11-29 08:14:55	1	5	1	0
      130	2023-11-29 08:21:25	1	5	1	0
      146	2023-11-29 08:25:38	1	5	1	0
      119	2023-11-29 08:26:11	1	5	1	0
      127	2023-11-29 08:26:33	1	5	1	0
      117	2023-11-29 08:26:38	1	5	1	0
      151	2023-11-29 08:26:47	1	5	1	0
      123	2023-11-29 08:26:55	1	5	1	0
      125	2023-11-29 08:27:13	1	5	1	0
      174	2023-11-29 08:30:20	1	5	1	0
      112	2023-11-29 08:30:26	1	5	1	0
      153	2023-11-29 08:31:13	1	5	1	0
      154	2023-11-29 08:31:25	1	5	1	0
      148	2023-11-29 08:31:44	1	5	1	0
      136	2023-11-29 08:31:53	1	5	1	0
      132	2023-11-29 08:41:07	1	5	1	0
      104	2023-11-29 08:43:29	1	5	1	0
      102	2023-11-29 08:44:49	1	5	1	0
      144	2023-11-29 08:47:05	1	5	1	0
      134	2023-11-29 08:52:29	1	5	1	0
      115	2023-11-29 09:03:00	1	5	1	0
      147	2023-11-29 09:04:37	1	5	1	0
      141	2023-11-29 09:06:05	1	5	1	0
      150	2023-11-29 09:15:28	1	5	1	0
      135	2023-11-29 09:19:13	1	5	1	0
      152	2023-11-29 09:37:51	1	5	1	0
      121	2023-11-29 09:40:40	1	5	1	0
      118	2023-11-29 10:09:33	1	5	1	0
      140	2023-11-29 11:14:44	1	5	1	0
      150	2023-11-29 13:50:17	1	5	1	0
      128	2023-11-29 13:59:26	1	5	1	0
      152	2023-11-29 14:13:56	1	5	1	0
      135	2023-11-29 15:04:59	1	5	1	0
      151	2023-11-29 15:23:41	1	5	1	0
      141	2023-11-29 15:24:12	1	5	1	0
      109	2023-11-29 15:24:31	1	5	1	0
      137	2023-11-29 15:26:48	1	5	1	0
      143	2023-11-29 15:47:46	1	5	1	0
      148	2023-11-29 15:47:52	1	5	1	0
      153	2023-11-29 15:48:00	1	5	1	0
      126	2023-11-29 15:48:11	1	5	1	0
      107	2023-11-29 15:48:14	1	5	1	0
      124	2023-11-29 15:48:49	1	5	1	0
      113	2023-11-29 15:48:55	1	5	1	0
      131	2023-11-29 15:50:04	1	5	1	0
      104	2023-11-29 15:50:54	1	5	1	0
      106	2023-11-29 15:51:59	1	5	1	0
      105	2023-11-29 15:52:32	1	5	1	0
      121	2023-11-29 15:52:45	1	5	1	0
      108	2023-11-29 15:53:06	1	5	1	0
      101	2023-11-29 15:53:08	1	5	1	0
      114	2023-11-29 15:53:14	1	5	1	0
      123	2023-11-29 15:53:49	1	5	1	0
      102	2023-11-29 15:54:40	1	5	1	0
      118	2023-11-29 15:55:18	1	5	1	0
      115	2023-11-29 15:56:38	1	5	15	0
      115	2023-11-29 15:56:40	1	5	15	0
      144	2023-11-29 15:58:53	1	5	1	0
      127	2023-11-29 16:03:34	1	5	1	0
      112	2023-11-29 16:03:58	1	5	1	0
      174	2023-11-29 16:04:00	1	5	1	0
      136	2023-11-29 16:04:09	1	5	1	0
      125	2023-11-29 16:04:44	1	5	1	0
      149	2023-11-29 16:10:43	1	5	1	0
      130	2023-11-29 16:11:17	1	5	1	0
      116	2023-11-29 16:11:22	1	5	1	0
      147	2023-11-29 16:31:50	1	5	1	0
      132	2023-11-29 16:58:04	1	5	1	0
      140	2023-11-29 17:00:19	1	5	1	0
      117	2023-11-29 17:05:03	1	5	1	0
      119	2023-11-29 17:05:11	1	5	1	0
      146	2023-11-29 17:05:16	1	5	1	0
      149	2023-11-30 07:53:33	1	0	1	0
      140	2023-11-30 07:54:00	1	0	1	0
      105	2023-11-30 08:04:41	1	5	1	0
      143	2023-11-30 08:05:55	1	5	1	0
      113	2023-11-30 08:06:26	1	5	1	0
      114	2023-11-30 08:06:31	1	5	1	0
      107	2023-11-30 08:06:40	1	5	1	0
      106	2023-11-30 08:06:51	1	5	1	0
      124	2023-11-30 08:07:19	1	5	1	0
      128	2023-11-30 08:07:33	1	5	1	0
      126	2023-11-30 08:07:40	1	5	1	0
      116	2023-11-30 08:08:21	1	5	1	0
      101	2023-11-30 08:08:32	1	5	1	0
      132	2023-11-30 08:08:40	1	5	1	0
      108	2023-11-30 08:08:51	1	5	1	0
      115	2023-11-30 08:11:00	1	5	1	0
